# MUSE ESO ETC
480 19.0331
480.125 19.0331
480.25 19.0534
480.375 19.0736
480.5 19.0939
480.625 19.1141
480.75 19.1344
480.875 19.1546
481 19.1748
481.125 19.196
481.25 19.217
481.375 19.2384
481.5 19.2595
481.625 19.2807
481.75 19.3019
481.875 19.323
482 19.3442
482.125 19.3663
482.25 19.3884
482.375 19.4105
482.5 19.4326
482.625 19.4547
482.75 19.4767
482.875 19.4988
483 19.5209
483.125 19.5426
483.25 19.5643
483.375 19.5859
483.5 19.6076
483.625 19.6293
483.75 19.651
483.875 19.6726
484 19.6943
484.125 19.7151
484.25 19.7358
484.375 19.7565
484.5 19.7773
484.625 19.798
484.75 19.8188
484.875 19.8395
485 19.8603
485.125 19.8798
485.25 19.8993
485.375 19.9188
485.5 19.9382
485.625 19.9577
485.75 19.9772
485.875 19.9967
486 20.0162
486.125 20.0349
486.25 20.0537
486.375 20.0724
486.5 20.0911
486.625 20.1099
486.75 20.1286
486.875 20.1473
487 20.166
487.125 20.1843
487.25 20.2025
487.375 20.2207
487.5 20.239
487.625 20.2572
487.75 20.2754
487.875 20.2936
488 20.3119
488.125 20.3297
488.25 20.3475
488.375 20.3653
488.5 20.3831
488.625 20.4009
488.75 20.4187
488.875 20.4365
489 20.4543
489.125 20.4718
489.25 20.4893
489.375 20.5068
489.5 20.5242
489.625 20.5417
489.75 20.5592
489.875 20.5766
490 20.5941
490.125 20.6118
490.25 20.6294
490.375 20.647
490.5 20.6647
490.625 20.6823
490.75 20.7
490.875 20.7176
491 20.7352
491.125 20.753
491.25 20.7707
491.375 20.7884
491.5 20.8061
491.625 20.8239
491.75 20.8416
491.875 20.8593
492 20.877
492.125 20.894
492.25 20.911
492.375 20.9279
492.5 20.9449
492.625 20.9619
492.75 20.9788
492.875 20.9958
493 21.0128
493.125 21.0283
493.25 21.0438
493.375 21.0594
493.5 21.0749
493.625 21.0905
493.75 21.106
493.875 21.1215
494 21.1371
494.125 21.1517
494.25 21.1663
494.375 21.1809
494.5 21.1956
494.625 21.2102
494.75 21.2248
494.875 21.2394
495 21.254
495.125 21.2679
495.25 21.2817
495.375 21.2956
495.5 21.3095
495.625 21.3233
495.75 21.3372
495.875 21.351
496 21.3649
496.125 21.3788
496.25 21.3926
496.375 21.4065
496.5 21.4203
496.625 21.4342
496.75 21.4481
496.875 21.4619
497 21.4758
497.125 21.4888
497.25 21.5018
497.375 21.5148
497.5 21.5279
497.625 21.5409
497.75 21.5539
497.875 21.5669
498 21.5799
498.125 21.5917
498.25 21.6035
498.375 21.6152
498.5 21.627
498.625 21.6387
498.75 21.6505
498.875 21.6623
499 21.674
499.125 21.6843
499.25 21.6947
499.375 21.705
499.5 21.7153
499.625 21.7257
499.75 21.736
499.875 21.7463
500 21.7567
500.125 21.7662
500.25 21.7757
500.375 21.7852
500.5 21.7947
500.625 21.8042
500.75 21.8137
500.875 21.8232
501 21.8327
501.125 21.8422
501.25 21.8517
501.375 21.8612
501.5 21.8707
501.625 21.8802
501.75 21.8897
501.875 21.8992
502 21.9087
502.125 21.9179
502.25 21.9272
502.375 21.9364
502.5 21.9457
502.625 21.9549
502.75 21.9642
502.875 21.9734
503 21.9827
503.125 21.9918
503.25 22.001
503.375 22.0102
503.5 22.0193
503.625 22.0285
503.75 22.0376
503.875 22.0468
504 22.056
504.125 22.0647
504.25 22.0734
504.375 22.0822
504.5 22.0909
504.625 22.0996
504.75 22.1084
504.875 22.1171
505 22.1259
505.125 22.1351
505.25 22.1443
505.375 22.1536
505.5 22.1628
505.625 22.1721
505.75 22.1813
505.875 22.1905
506 22.1998
506.125 22.209
506.25 22.2183
506.375 22.2275
506.5 22.2367
506.625 22.246
506.75 22.2552
506.875 22.2644
507 22.2737
507.125 22.2826
507.25 22.2915
507.375 22.3004
507.5 22.3093
507.625 22.3182
507.75 22.3271
507.875 22.336
508 22.3449
508.125 22.3523
508.25 22.3597
508.375 22.367
508.5 22.3744
508.625 22.3818
508.75 22.3892
508.875 22.3966
509 22.404
509.125 22.4101
509.25 22.4162
509.375 22.4224
509.5 22.4285
509.625 22.4346
509.75 22.4407
509.875 22.4469
510 22.453
510.125 22.4583
510.25 22.4636
510.375 22.4688
510.5 22.4741
510.625 22.4794
510.75 22.4847
510.875 22.49
511 22.4953
511.125 22.5005
511.25 22.5057
511.375 22.5109
511.5 22.5161
511.625 22.5213
511.75 22.5265
511.875 22.5317
512 22.5369
512.125 22.5429
512.25 22.549
512.375 22.555
512.5 22.561
512.625 22.5671
512.75 22.5731
512.875 22.5791
513 22.5852
513.125 22.5921
513.25 22.5991
513.375 22.6061
513.5 22.613
513.625 22.62
513.75 22.6269
513.875 22.6339
514 22.6409
514.125 22.6482
514.25 22.6554
514.375 22.6627
514.5 22.67
514.625 22.6773
514.75 22.6846
514.875 22.6919
515 22.6992
515.125 22.7066
515.25 22.714
515.375 22.7213
515.5 22.7287
515.625 22.7361
515.75 22.7435
515.875 22.7508
516 22.7582
516.125 22.7649
516.25 22.7716
516.375 22.7783
516.5 22.785
516.625 22.7917
516.75 22.7984
516.875 22.8051
517 22.8118
517.125 22.8184
517.25 22.8249
517.375 22.8314
517.5 22.838
517.625 22.8445
517.75 22.851
517.875 22.8576
518 22.8641
518.125 22.8704
518.25 22.8766
518.375 22.8829
518.5 22.8892
518.625 22.8955
518.75 22.9018
518.875 22.908
519 22.9143
519.125 22.9213
519.25 22.9282
519.375 22.9352
519.5 22.9421
519.625 22.9491
519.75 22.956
519.875 22.963
520 22.9699
520.125 22.9766
520.25 22.9834
520.375 22.9901
520.5 22.9968
520.625 23.0036
520.75 23.0103
520.875 23.017
521 23.0238
521.125 23.0317
521.25 23.0396
521.375 23.0475
521.5 23.0554
521.625 23.0633
521.75 23.0712
521.875 23.0791
522 23.087
522.125 23.0947
522.25 23.1025
522.375 23.1102
522.5 23.1179
522.625 23.1257
522.75 23.1334
522.875 23.1411
523 23.1488
523.125 23.1573
523.25 23.1658
523.375 23.1743
523.5 23.1828
523.625 23.1913
523.75 23.1997
523.875 23.2082
524 23.2167
524.125 23.225
524.25 23.2333
524.375 23.2416
524.5 23.2499
524.625 23.2583
524.75 23.2666
524.875 23.2749
525 23.2832
525.125 23.2919
525.25 23.3006
525.375 23.3094
525.5 23.3181
525.625 23.3268
525.75 23.3355
525.875 23.3443
526 23.353
526.125 23.3614
526.25 23.3698
526.375 23.3782
526.5 23.3866
526.625 23.3949
526.75 23.4033
526.875 23.4117
527 23.4201
527.125 23.4285
527.25 23.4369
527.375 23.4453
527.5 23.4536
527.625 23.462
527.75 23.4704
527.875 23.4788
528 23.4872
528.125 23.4954
528.25 23.5036
528.375 23.5118
528.5 23.52
528.625 23.5282
528.75 23.5365
528.875 23.5447
529 23.5529
529.125 23.5624
529.25 23.572
529.375 23.5815
529.5 23.5911
529.625 23.6006
529.75 23.6102
529.875 23.6197
530 23.6293
530.125 23.6402
530.25 23.651
530.375 23.6619
530.5 23.6728
530.625 23.6837
530.75 23.6946
530.875 23.7054
531 23.7163
531.125 23.7276
531.25 23.7389
531.375 23.7502
531.5 23.7615
531.625 23.7728
531.75 23.7841
531.875 23.7954
532 23.8067
532.125 23.8178
532.25 23.8289
532.375 23.8401
532.5 23.8512
532.625 23.8623
532.75 23.8734
532.875 23.8846
533 23.8957
533.125 23.9061
533.25 23.9166
533.375 23.927
533.5 23.9375
533.625 23.9479
533.75 23.9584
533.875 23.9688
534 23.9793
534.125 23.9887
534.25 23.9982
534.375 24.0076
534.5 24.0171
534.625 24.0265
534.75 24.036
534.875 24.0454
535 24.0548
535.125 24.0631
535.25 24.0714
535.375 24.0797
535.5 24.0879
535.625 24.0962
535.75 24.1045
535.875 24.1127
536 24.121
536.125 24.1293
536.25 24.1375
536.375 24.1458
536.5 24.1541
536.625 24.1623
536.75 24.1706
536.875 24.1789
537 24.1871
537.125 24.1957
537.25 24.2043
537.375 24.2129
537.5 24.2215
537.625 24.2301
537.75 24.2387
537.875 24.2473
538 24.2559
538.125 24.2655
538.25 24.2751
538.375 24.2847
538.5 24.2943
538.625 24.3039
538.75 24.3135
538.875 24.3231
539 24.3327
539.125 24.3424
539.25 24.352
539.375 24.3617
539.5 24.3714
539.625 24.3811
539.75 24.3907
539.875 24.4004
540 24.4101
540.125 24.4204
540.25 24.4308
540.375 24.4411
540.5 24.4515
540.625 24.4618
540.75 24.4722
540.875 24.4825
541 24.4929
541.125 24.5036
541.25 24.5144
541.375 24.5252
541.5 24.5359
541.625 24.5467
541.75 24.5574
541.875 24.5682
542 24.5789
542.125 24.5897
542.25 24.6005
542.375 24.6112
542.5 24.622
542.625 24.6327
542.75 24.6435
542.875 24.6542
543 24.665
543.125 24.6736
543.25 24.6823
543.375 24.691
543.5 24.6996
543.625 24.7083
543.75 24.717
543.875 24.7256
544 24.7343
544.125 24.7413
544.25 24.7483
544.375 24.7553
544.5 24.7623
544.625 24.7693
544.75 24.7762
544.875 24.7832
545 24.7902
545.125 24.7953
545.25 24.8004
545.375 24.8054
545.5 24.8105
545.625 24.8156
545.75 24.8207
545.875 24.8257
546 24.8308
546.125 24.8353
546.25 24.8398
546.375 24.8443
546.5 24.8487
546.625 24.8532
546.75 24.8577
546.875 24.8622
547 24.8667
547.125 24.8706
547.25 24.8745
547.375 24.8784
547.5 24.8823
547.625 24.8862
547.75 24.8901
547.875 24.894
548 24.8979
548.125 24.9023
548.25 24.9067
548.375 24.9111
548.5 24.9155
548.625 24.9199
548.75 24.9243
548.875 24.9287
549 24.9331
549.125 24.9377
549.25 24.9424
549.375 24.947
549.5 24.9517
549.625 24.9563
549.75 24.9609
549.875 24.9656
550 24.9702
550.125 24.976
550.25 24.9819
550.375 24.9877
550.5 24.9935
550.625 24.9993
550.75 25.0051
550.875 25.0109
551 25.0167
551.125 25.0233
551.25 25.0298
551.375 25.0364
551.5 25.0429
551.625 25.0495
551.75 25.056
551.875 25.0626
552 25.0692
552.125 25.076
552.25 25.0829
552.375 25.0898
552.5 25.0967
552.625 25.1036
552.75 25.1105
552.875 25.1174
553 25.1242
553.125 25.1312
553.25 25.1382
553.375 25.1451
553.5 25.1521
553.625 25.1591
553.75 25.166
553.875 25.173
554 25.18
554.125 25.1863
554.25 25.1926
554.375 25.1989
554.5 25.2051
554.625 25.2114
554.75 25.2177
554.875 25.224
555 25.2303
555.125 25.2358
555.25 25.2413
555.375 25.2467
555.5 25.2522
555.625 25.2576
555.75 25.2631
555.875 25.2686
556 25.274
556.125 25.2792
556.25 25.2844
556.375 25.2896
556.5 25.2949
556.625 25.3001
556.75 25.3053
556.875 25.3105
557 25.3157
557.125 25.3203
557.25 25.3249
557.375 25.3296
557.5 25.3342
557.625 25.3388
557.75 25.3434
557.875 25.3481
558 25.3527
558.125 25.3584
558.25 25.3641
558.375 25.3698
558.5 25.3755
558.625 25.3812
558.75 25.3869
558.875 25.3926
559 25.3983
559.125 25.4039
559.25 25.4095
559.375 25.4152
559.5 25.4208
559.625 25.4264
559.75 25.432
559.875 25.4376
560 25.4432
560.125 25.4491
560.25 25.455
560.375 25.4608
560.5 25.4667
560.625 25.4726
560.75 25.4784
560.875 25.4843
561 25.4901
561.125 25.4967
561.25 25.5032
561.375 25.5097
561.5 25.5162
561.625 25.5227
561.75 25.5293
561.875 25.5358
562 25.5423
562.125 25.5497
562.25 25.557
562.375 25.5644
562.5 25.5717
562.625 25.5791
562.75 25.5864
562.875 25.5938
563 25.6011
563.125 25.6084
563.25 25.6156
563.375 25.6229
563.5 25.6302
563.625 25.6374
563.75 25.6447
563.875 25.652
564 25.6592
564.125 25.6662
564.25 25.6732
564.375 25.6803
564.5 25.6873
564.625 25.6943
564.75 25.7013
564.875 25.7083
565 25.7153
565.125 25.7225
565.25 25.7297
565.375 25.7368
565.5 25.744
565.625 25.7512
565.75 25.7584
565.875 25.7655
566 25.7727
566.125 25.7807
566.25 25.7887
566.375 25.7967
566.5 25.8047
566.625 25.8127
566.75 25.8207
566.875 25.8287
567 25.8367
567.125 25.8455
567.25 25.8543
567.375 25.8632
567.5 25.872
567.625 25.8808
567.75 25.8896
567.875 25.8985
568 25.9073
568.125 25.9153
568.25 25.9233
568.375 25.9313
568.5 25.9393
568.625 25.9473
568.75 25.9552
568.875 25.9632
569 25.9712
569.125 25.9791
569.25 25.9869
569.375 25.9947
569.5 26.0025
569.625 26.0103
569.75 26.0182
569.875 26.026
570 26.0338
570.125 26.0412
570.25 26.0486
570.375 26.056
570.5 26.0634
570.625 26.0708
570.75 26.0782
570.875 26.0856
571 26.093
571.125 26.1
571.25 26.107
571.375 26.114
571.5 26.121
571.625 26.128
571.75 26.135
571.875 26.1419
572 26.1489
572.125 26.1558
572.25 26.1627
572.375 26.1696
572.5 26.1765
572.625 26.1834
572.75 26.1903
572.875 26.1972
573 26.2041
573.125 26.2118
573.25 26.2194
573.375 26.227
573.5 26.2347
573.625 26.2423
573.75 26.25
573.875 26.2576
574 26.2653
574.125 26.2736
574.25 26.282
574.375 26.2904
574.5 26.2988
574.625 26.3072
574.75 26.3156
574.875 26.3239
575 26.3323
575.125 26.3406
575.25 26.3489
575.375 26.3572
575.5 26.3655
575.625 26.3738
575.75 26.3821
575.875 26.3904
576 26.3987
576.125 26.4065
576.25 26.4143
576.375 26.4221
576.5 26.4299
576.625 26.4377
576.75 26.4455
576.875 26.4533
577 26.4611
577.125 26.4685
577.25 26.476
577.375 26.4834
577.5 26.4909
577.625 26.4984
577.75 26.5058
577.875 26.5133
578 26.5207
578.125 26.5286
578.25 26.5365
578.375 26.5444
578.5 26.5522
578.625 26.5601
578.75 26.568
578.875 26.5758
579 26.5837
579.125 26.5915
579.25 26.5993
579.375 26.6071
579.5 26.6149
579.625 26.6226
579.75 26.6304
579.875 26.6382
580 26.646
580.125 26.6533
580.25 26.6606
580.375 26.6679
580.5 26.6751
580.625 26.6824
580.75 26.6897
580.875 26.697
581 26.7043
581.125 26.71
581.25 26.7157
581.375 26.7214
581.5 26.7271
581.625 26.7329
581.75 26.7386
581.875 26.7443
582 26.75
582.125 26.7546
582.25 26.7593
582.375 26.7639
582.5 26.7685
582.625 26.7732
582.75 26.7778
582.875 26.7824
583 26.7871
583.125 26.7914
583.25 26.7958
583.375 26.8002
583.5 26.8046
583.625 26.809
583.75 26.8134
583.875 26.8177
584 26.8221
584.125 26.8278
584.25 26.8335
584.375 26.8392
584.5 26.8449
584.625 26.8507
584.75 26.8564
584.875 26.8621
585 26.8678
585.125 26.8753
585.25 26.8828
585.375 26.8903
585.5 26.8978
585.625 26.9054
585.75 26.9129
585.875 26.9204
586 26.9279
586.125 26.9371
586.25 26.9463
586.375 26.9554
586.5 26.9646
586.625 26.9738
586.75 26.9829
586.875 26.9921
587 27.0013
587.125 27.0117
587.25 27.0222
587.375 27.0327
587.5 27.0432
587.625 27.0537
587.75 27.0642
587.875 27.0746
588 27.0851
588.125 27.0956
588.25 27.1061
588.375 27.1166
588.5 27.1271
588.625 27.1375
588.75 27.148
588.875 27.1585
589 27.169
589.125 27.179
589.25 27.1889
589.375 27.1989
589.5 27.2089
589.625 27.2189
589.75 27.2288
589.875 27.2388
590 27.2488
590.125 27.2585
590.25 27.2681
590.375 27.2777
590.5 27.2874
590.625 27.297
590.75 27.3067
590.875 27.3163
591 27.326
591.125 27.3334
591.25 27.3408
591.375 27.3482
591.5 27.3556
591.625 27.363
591.75 27.3704
591.875 27.3778
592 27.3853
592.125 27.3899
592.25 27.3945
592.375 27.3991
592.5 27.4037
592.625 27.4083
592.75 27.4129
592.875 27.4175
593 27.4221
593.125 27.4242
593.25 27.4263
593.375 27.4285
593.5 27.4306
593.625 27.4327
593.75 27.4348
593.875 27.437
594 27.4391
594.125 27.4415
594.25 27.4438
594.375 27.4462
594.5 27.4486
594.625 27.451
594.75 27.4533
594.875 27.4557
595 27.4581
595.125 27.4617
595.25 27.4653
595.375 27.4689
595.5 27.4725
595.625 27.4761
595.75 27.4797
595.875 27.4833
596 27.4869
596.125 27.4912
596.25 27.4955
596.375 27.4997
596.5 27.504
596.625 27.5083
596.75 27.5125
596.875 27.5168
597 27.521
597.125 27.5259
597.25 27.5307
597.375 27.5356
597.5 27.5404
597.625 27.5452
597.75 27.5501
597.875 27.5549
598 27.5598
598.125 27.5664
598.25 27.5731
598.375 27.5797
598.5 27.5864
598.625 27.593
598.75 27.5997
598.875 27.6063
599 27.613
599.125 27.6215
599.25 27.6301
599.375 27.6386
599.5 27.6471
599.625 27.6557
599.75 27.6642
599.875 27.6728
600 27.6813
600.125 27.6908
600.25 27.7004
600.375 27.71
600.5 27.7195
600.625 27.7291
600.75 27.7386
600.875 27.7481
601 27.7577
601.125 27.7679
601.25 27.7781
601.375 27.7883
601.5 27.7985
601.625 27.8087
601.75 27.8189
601.875 27.8291
602 27.8393
602.125 27.8493
602.25 27.8592
602.375 27.8692
602.5 27.8791
602.625 27.889
602.75 27.899
602.875 27.9089
603 27.9189
603.125 27.9285
603.25 27.9381
603.375 27.9477
603.5 27.9573
603.625 27.9669
603.75 27.9766
603.875 27.9862
604 27.9958
604.125 28.0046
604.25 28.0133
604.375 28.0221
604.5 28.0309
604.625 28.0397
604.75 28.0485
604.875 28.0572
605 28.066
605.125 28.0727
605.25 28.0793
605.375 28.0859
605.5 28.0926
605.625 28.0992
605.75 28.1058
605.875 28.1125
606 28.1191
606.125 28.1248
606.25 28.1306
606.375 28.1363
606.5 28.142
606.625 28.1478
606.75 28.1535
606.875 28.1592
607 28.1649
607.125 28.1688
607.25 28.1728
607.375 28.1767
607.5 28.1806
607.625 28.1845
607.75 28.1884
607.875 28.1923
608 28.1963
608.125 28.2003
608.25 28.2044
608.375 28.2085
608.5 28.2126
608.625 28.2166
608.75 28.2207
608.875 28.2248
609 28.2289
609.125 28.2333
609.25 28.2377
609.375 28.2421
609.5 28.2465
609.625 28.2509
609.75 28.2553
609.875 28.2597
610 28.2641
610.125 28.2702
610.25 28.2763
610.375 28.2824
610.5 28.2886
610.625 28.2947
610.75 28.3008
610.875 28.3069
611 28.313
611.125 28.3209
611.25 28.3287
611.375 28.3366
611.5 28.3444
611.625 28.3522
611.75 28.3601
611.875 28.3679
612 28.3758
612.125 28.3859
612.25 28.396
612.375 28.4062
612.5 28.4163
612.625 28.4264
612.75 28.4365
612.875 28.4467
613 28.4568
613.125 28.4685
613.25 28.4802
613.375 28.4918
613.5 28.5035
613.625 28.5152
613.75 28.5269
613.875 28.5386
614 28.5502
614.125 28.5622
614.25 28.5742
614.375 28.5862
614.5 28.5982
614.625 28.6102
614.75 28.6222
614.875 28.6342
615 28.6462
615.125 28.6577
615.25 28.6692
615.375 28.6807
615.5 28.6922
615.625 28.7037
615.75 28.7152
615.875 28.7267
616 28.7382
616.125 28.7488
616.25 28.7594
616.375 28.77
616.5 28.7806
616.625 28.7912
616.75 28.8017
616.875 28.8123
617 28.8229
617.125 28.8327
617.25 28.8425
617.375 28.8522
617.5 28.862
617.625 28.8717
617.75 28.8815
617.875 28.8913
618 28.901
618.125 28.9094
618.25 28.9178
618.375 28.9261
618.5 28.9345
618.625 28.9428
618.75 28.9512
618.875 28.9596
619 28.9679
619.125 28.9758
619.25 28.9837
619.375 28.9915
619.5 28.9994
619.625 29.0073
619.75 29.0151
619.875 29.023
620 29.0309
620.125 29.0377
620.25 29.0445
620.375 29.0513
620.5 29.058
620.625 29.0648
620.75 29.0716
620.875 29.0784
621 29.0852
621.125 29.0921
621.25 29.099
621.375 29.1059
621.5 29.1127
621.625 29.1196
621.75 29.1265
621.875 29.1333
622 29.1402
622.125 29.1466
622.25 29.153
622.375 29.1593
622.5 29.1657
622.625 29.1721
622.75 29.1785
622.875 29.1849
623 29.1912
623.125 29.1979
623.25 29.2046
623.375 29.2113
623.5 29.218
623.625 29.2247
623.75 29.2314
623.875 29.2381
624 29.2448
624.125 29.252
624.25 29.2592
624.375 29.2664
624.5 29.2736
624.625 29.2807
624.75 29.2879
624.875 29.2951
625 29.3023
625.125 29.3098
625.25 29.3173
625.375 29.3248
625.5 29.3323
625.625 29.3398
625.75 29.3473
625.875 29.3548
626 29.3623
626.125 29.371
626.25 29.3798
626.375 29.3885
626.5 29.3972
626.625 29.4059
626.75 29.4147
626.875 29.4234
627 29.4321
627.125 29.4417
627.25 29.4513
627.375 29.461
627.5 29.4706
627.625 29.4802
627.75 29.4898
627.875 29.4994
628 29.509
628.125 29.5185
628.25 29.5281
628.375 29.5376
628.5 29.5471
628.625 29.5567
628.75 29.5662
628.875 29.5757
629 29.5852
629.125 29.5936
629.25 29.602
629.375 29.6104
629.5 29.6187
629.625 29.6271
629.75 29.6355
629.875 29.6439
630 29.6522
630.125 29.6606
630.25 29.669
630.375 29.6773
630.5 29.6857
630.625 29.6941
630.75 29.7025
630.875 29.7108
631 29.7192
631.125 29.7279
631.25 29.7366
631.375 29.7453
631.5 29.754
631.625 29.7626
631.75 29.7713
631.875 29.78
632 29.7887
632.125 29.7981
632.25 29.8075
632.375 29.817
632.5 29.8264
632.625 29.8358
632.75 29.8452
632.875 29.8546
633 29.864
633.125 29.8718
633.25 29.8796
633.375 29.8874
633.5 29.8952
633.625 29.9029
633.75 29.9107
633.875 29.9185
634 29.9263
634.125 29.9321
634.25 29.9379
634.375 29.9437
634.5 29.9496
634.625 29.9554
634.75 29.9612
634.875 29.967
635 29.9728
635.125 29.9773
635.25 29.9819
635.375 29.9864
635.5 29.9909
635.625 29.9954
635.75 29.9999
635.875 30.0044
636 30.0089
636.125 30.0133
636.25 30.0176
636.375 30.022
636.5 30.0263
636.625 30.0307
636.75 30.035
636.875 30.0394
637 30.0437
637.125 30.0502
637.25 30.0568
637.375 30.0633
637.5 30.0699
637.625 30.0764
637.75 30.0829
637.875 30.0895
638 30.096
638.125 30.104
638.25 30.112
638.375 30.12
638.5 30.128
638.625 30.136
638.75 30.144
638.875 30.152
639 30.16
639.125 30.1687
639.25 30.1774
639.375 30.1861
639.5 30.1949
639.625 30.2036
639.75 30.2123
639.875 30.221
640 30.2297
640.125 30.2395
640.25 30.2493
640.375 30.2591
640.5 30.2688
640.625 30.2786
640.75 30.2884
640.875 30.2981
641 30.3079
641.125 30.3186
641.25 30.3292
641.375 30.3399
641.5 30.3506
641.625 30.3612
641.75 30.3719
641.875 30.3825
642 30.3932
642.125 30.405
642.25 30.4169
642.375 30.4288
642.5 30.4407
642.625 30.4525
642.75 30.4644
642.875 30.4762
643 30.4881
643.125 30.5004
643.25 30.5126
643.375 30.5249
643.5 30.5372
643.625 30.5494
643.75 30.5617
643.875 30.574
644 30.5862
644.125 30.599
644.25 30.6117
644.375 30.6245
644.5 30.6372
644.625 30.6499
644.75 30.6627
644.875 30.6754
645 30.6881
645.125 30.7013
645.25 30.7144
645.375 30.7276
645.5 30.7407
645.625 30.7538
645.75 30.767
645.875 30.7801
646 30.7932
646.125 30.8058
646.25 30.8184
646.375 30.8309
646.5 30.8435
646.625 30.8561
646.75 30.8686
646.875 30.8812
647 30.8937
647.125 30.9052
647.25 30.9167
647.375 30.9282
647.5 30.9397
647.625 30.9512
647.75 30.9627
647.875 30.9742
648 30.9857
648.125 30.9965
648.25 31.0072
648.375 31.018
648.5 31.0287
648.625 31.0395
648.75 31.0503
648.875 31.061
649 31.0718
649.125 31.0806
649.25 31.0894
649.375 31.0982
649.5 31.107
649.625 31.1158
649.75 31.1246
649.875 31.1334
650 31.1422
650.125 31.1495
650.25 31.1568
650.375 31.164
650.5 31.1713
650.625 31.1785
650.75 31.1858
650.875 31.1931
651 31.2003
651.125 31.2056
651.25 31.211
651.375 31.2163
651.5 31.2216
651.625 31.2269
651.75 31.2322
651.875 31.2375
652 31.2428
652.125 31.2478
652.25 31.2528
652.375 31.2578
652.5 31.2628
652.625 31.2678
652.75 31.2727
652.875 31.2777
653 31.2827
653.125 31.2867
653.25 31.2907
653.375 31.2947
653.5 31.2987
653.625 31.3028
653.75 31.3068
653.875 31.3108
654 31.3148
654.125 31.3178
654.25 31.3209
654.375 31.3239
654.5 31.3269
654.625 31.33
654.75 31.333
654.875 31.336
655 31.3391
655.125 31.341
655.25 31.3429
655.375 31.3448
655.5 31.3467
655.625 31.3486
655.75 31.3505
655.875 31.3524
656 31.3543
656.125 31.3558
656.25 31.3573
656.375 31.3588
656.5 31.3603
656.625 31.3618
656.75 31.3633
656.875 31.3647
657 31.3662
657.125 31.3678
657.25 31.3694
657.375 31.371
657.5 31.3725
657.625 31.3741
657.75 31.3757
657.875 31.3773
658 31.3788
658.125 31.381
658.25 31.3831
658.375 31.3852
658.5 31.3874
658.625 31.3895
658.75 31.3917
658.875 31.3938
659 31.3959
659.125 31.3982
659.25 31.4005
659.375 31.4028
659.5 31.4051
659.625 31.4074
659.75 31.4097
659.875 31.412
660 31.4143
660.125 31.4161
660.25 31.4179
660.375 31.4197
660.5 31.4215
660.625 31.4233
660.75 31.4252
660.875 31.427
661 31.4288
661.125 31.4307
661.25 31.4325
661.375 31.4344
661.5 31.4363
661.625 31.4382
661.75 31.4401
661.875 31.442
662 31.4439
662.125 31.4453
662.25 31.4467
662.375 31.4481
662.5 31.4495
662.625 31.4509
662.75 31.4523
662.875 31.4537
663 31.4551
663.125 31.4568
663.25 31.4585
663.375 31.4603
663.5 31.462
663.625 31.4637
663.75 31.4654
663.875 31.4671
664 31.4689
664.125 31.4712
664.25 31.4734
664.375 31.4757
664.5 31.478
664.625 31.4803
664.75 31.4826
664.875 31.4849
665 31.4871
665.125 31.4909
665.25 31.4946
665.375 31.4983
665.5 31.5021
665.625 31.5058
665.75 31.5095
665.875 31.5133
666 31.517
666.125 31.5225
666.25 31.528
666.375 31.5335
666.5 31.539
666.625 31.5445
666.75 31.55
666.875 31.5555
667 31.561
667.125 31.5669
667.25 31.5728
667.375 31.5787
667.5 31.5846
667.625 31.5905
667.75 31.5964
667.875 31.6023
668 31.6082
668.125 31.6144
668.25 31.6206
668.375 31.6268
668.5 31.6331
668.625 31.6393
668.75 31.6455
668.875 31.6517
669 31.6579
669.125 31.6665
669.25 31.675
669.375 31.6836
669.5 31.6921
669.625 31.7006
669.75 31.7092
669.875 31.7177
670 31.7263
670.125 31.736
670.25 31.7458
670.375 31.7555
670.5 31.7652
670.625 31.775
670.75 31.7847
670.875 31.7945
671 31.8042
671.125 31.8153
671.25 31.8264
671.375 31.8375
671.5 31.8486
671.625 31.8597
671.75 31.8708
671.875 31.8819
672 31.893
672.125 31.9034
672.25 31.9138
672.375 31.9241
672.5 31.9345
672.625 31.9449
672.75 31.9552
672.875 31.9656
673 31.976
673.125 31.9861
673.25 31.9962
673.375 32.0063
673.5 32.0165
673.625 32.0266
673.75 32.0367
673.875 32.0468
674 32.0569
674.125 32.0662
674.25 32.0754
674.375 32.0846
674.5 32.0939
674.625 32.1031
674.75 32.1123
674.875 32.1216
675 32.1308
675.125 32.1392
675.25 32.1476
675.375 32.156
675.5 32.1645
675.625 32.1729
675.75 32.1813
675.875 32.1897
676 32.1981
676.125 32.2053
676.25 32.2124
676.375 32.2195
676.5 32.2267
676.625 32.2338
676.75 32.2409
676.875 32.248
677 32.2552
677.125 32.2613
677.25 32.2673
677.375 32.2734
677.5 32.2795
677.625 32.2856
677.75 32.2917
677.875 32.2977
678 32.3038
678.125 32.3084
678.25 32.3131
678.375 32.3177
678.5 32.3223
678.625 32.327
678.75 32.3316
678.875 32.3362
679 32.3409
679.125 32.3448
679.25 32.3488
679.375 32.3528
679.5 32.3568
679.625 32.3608
679.75 32.3648
679.875 32.3688
680 32.3727
680.125 32.376
680.25 32.3793
680.375 32.3825
680.5 32.3858
680.625 32.389
680.75 32.3923
680.875 32.3956
681 32.3988
681.125 32.4012
681.25 32.4036
681.375 32.406
681.5 32.4083
681.625 32.4107
681.75 32.4131
681.875 32.4155
682 32.4178
682.125 32.4188
682.25 32.4199
682.375 32.4209
682.5 32.4219
682.625 32.4229
682.75 32.4239
682.875 32.4249
683 32.4259
683.125 32.4248
683.25 32.4236
683.375 32.4225
683.5 32.4213
683.625 32.4202
683.75 32.419
683.875 32.4179
684 32.4167
684.125 32.4154
684.25 32.4141
684.375 32.4128
684.5 32.4115
684.625 32.4102
684.75 32.4088
684.875 32.4075
685 32.4062
685.125 32.4048
685.25 32.4034
685.375 32.402
685.5 32.4007
685.625 32.3993
685.75 32.3979
685.875 32.3965
686 32.3951
686.125 32.3937
686.25 32.3923
686.375 32.3909
686.5 32.3895
686.625 32.3881
686.75 32.3867
686.875 32.3853
687 32.384
687.125 32.3817
687.25 32.3794
687.375 32.3771
687.5 32.3749
687.625 32.3726
687.75 32.3703
687.875 32.3681
688 32.3658
688.125 32.3626
688.25 32.3593
688.375 32.3561
688.5 32.3529
688.625 32.3496
688.75 32.3464
688.875 32.3432
689 32.3399
689.125 32.3359
689.25 32.3319
689.375 32.3279
689.5 32.3238
689.625 32.3198
689.75 32.3158
689.875 32.3118
690 32.3077
690.125 32.3044
690.25 32.3011
690.375 32.2978
690.5 32.2945
690.625 32.2912
690.75 32.2879
690.875 32.2846
691 32.2813
691.125 32.2785
691.25 32.2758
691.375 32.273
691.5 32.2703
691.625 32.2675
691.75 32.2648
691.875 32.262
692 32.2593
692.125 32.2575
692.25 32.2557
692.375 32.2539
692.5 32.2521
692.625 32.2504
692.75 32.2486
692.875 32.2468
693 32.245
693.125 32.2442
693.25 32.2435
693.375 32.2427
693.5 32.242
693.625 32.2412
693.75 32.2405
693.875 32.2397
694 32.239
694.125 32.2387
694.25 32.2384
694.375 32.2382
694.5 32.2379
694.625 32.2376
694.75 32.2374
694.875 32.2371
695 32.2368
695.125 32.2372
695.25 32.2375
695.375 32.2379
695.5 32.2383
695.625 32.2386
695.75 32.239
695.875 32.2394
696 32.2397
696.125 32.2404
696.25 32.2411
696.375 32.2418
696.5 32.2425
696.625 32.2431
696.75 32.2438
696.875 32.2445
697 32.2452
697.125 32.2465
697.25 32.2478
697.375 32.2491
697.5 32.2505
697.625 32.2518
697.75 32.2531
697.875 32.2544
698 32.2557
698.125 32.258
698.25 32.2603
698.375 32.2626
698.5 32.2648
698.625 32.2671
698.75 32.2694
698.875 32.2716
699 32.2739
699.125 32.276
699.25 32.278
699.375 32.28
699.5 32.282
699.625 32.2841
699.75 32.2861
699.875 32.2881
700 32.2902
700.125 32.292
700.25 32.2938
700.375 32.2956
700.5 32.2975
700.625 32.2993
700.75 32.3011
700.875 32.3029
701 32.3047
701.125 32.306
701.25 32.3072
701.375 32.3085
701.5 32.3097
701.625 32.311
701.75 32.3122
701.875 32.3135
702 32.3147
702.125 32.3159
702.25 32.317
702.375 32.3182
702.5 32.3193
702.625 32.3205
702.75 32.3216
702.875 32.3228
703 32.3239
703.125 32.3246
703.25 32.3253
703.375 32.3259
703.5 32.3266
703.625 32.3273
703.75 32.3279
703.875 32.3286
704 32.3292
704.125 32.3289
704.25 32.3286
704.375 32.3283
704.5 32.328
704.625 32.3277
704.75 32.3274
704.875 32.3271
705 32.3268
705.125 32.3259
705.25 32.3249
705.375 32.324
705.5 32.323
705.625 32.3221
705.75 32.3212
705.875 32.3202
706 32.3193
706.125 32.3165
706.25 32.3137
706.375 32.3109
706.5 32.3082
706.625 32.3054
706.75 32.3026
706.875 32.2999
707 32.2971
707.125 32.2949
707.25 32.2926
707.375 32.2904
707.5 32.2882
707.625 32.286
707.75 32.2837
707.875 32.2815
708 32.2793
708.125 32.2757
708.25 32.2721
708.375 32.2686
708.5 32.265
708.625 32.2614
708.75 32.2579
708.875 32.2543
709 32.2507
709.125 32.2463
709.25 32.242
709.375 32.2376
709.5 32.2333
709.625 32.2289
709.75 32.2245
709.875 32.2202
710 32.2158
710.125 32.2106
710.25 32.2054
710.375 32.2001
710.5 32.1949
710.625 32.1897
710.75 32.1845
710.875 32.1792
711 32.174
711.125 32.1678
711.25 32.1615
711.375 32.1553
711.5 32.149
711.625 32.1428
711.75 32.1365
711.875 32.1303
712 32.124
712.125 32.1165
712.25 32.109
712.375 32.1015
712.5 32.094
712.625 32.0865
712.75 32.079
712.875 32.0716
713 32.0641
713.125 32.0558
713.25 32.0475
713.375 32.0392
713.5 32.031
713.625 32.0227
713.75 32.0144
713.875 32.0061
714 31.9979
714.125 31.9883
714.25 31.9787
714.375 31.9691
714.5 31.9595
714.625 31.9499
714.75 31.9403
714.875 31.9307
715 31.9211
715.125 31.9095
715.25 31.8979
715.375 31.8863
715.5 31.8747
715.625 31.8631
715.75 31.8515
715.875 31.8398
716 31.8282
716.125 31.8143
716.25 31.8004
716.375 31.7864
716.5 31.7725
716.625 31.7586
716.75 31.7446
716.875 31.7307
717 31.7168
717.125 31.7024
717.25 31.688
717.375 31.6736
717.5 31.6593
717.625 31.6449
717.75 31.6305
717.875 31.6161
718 31.6018
718.125 31.5882
718.25 31.5746
718.375 31.561
718.5 31.5474
718.625 31.5339
718.75 31.5203
718.875 31.5067
719 31.4932
719.125 31.4814
719.25 31.4696
719.375 31.4578
719.5 31.4461
719.625 31.4343
719.75 31.4225
719.875 31.4108
720 31.399
720.125 31.3883
720.25 31.3775
720.375 31.3668
720.5 31.356
720.625 31.3453
720.75 31.3345
720.875 31.3238
721 31.3131
721.125 31.3033
721.25 31.2936
721.375 31.2839
721.5 31.2742
721.625 31.2645
721.75 31.2547
721.875 31.245
722 31.2353
722.125 31.2255
722.25 31.2157
722.375 31.2059
722.5 31.1961
722.625 31.1864
722.75 31.1766
722.875 31.1668
723 31.157
723.125 31.1472
723.25 31.1373
723.375 31.1274
723.5 31.1176
723.625 31.1077
723.75 31.0979
723.875 31.088
724 31.0782
724.125 31.0674
724.25 31.0567
724.375 31.0459
724.5 31.0351
724.625 31.0244
724.75 31.0136
724.875 31.0028
725 30.9921
725.125 30.9813
725.25 30.9706
725.375 30.9598
725.5 30.9491
725.625 30.9383
725.75 30.9276
725.875 30.9168
726 30.9061
726.125 30.895
726.25 30.8838
726.375 30.8727
726.5 30.8616
726.625 30.8505
726.75 30.8393
726.875 30.8282
727 30.8171
727.125 30.8067
727.25 30.7963
727.375 30.7859
727.5 30.7755
727.625 30.765
727.75 30.7546
727.875 30.7442
728 30.7338
728.125 30.7237
728.25 30.7136
728.375 30.7035
728.5 30.6934
728.625 30.6834
728.75 30.6733
728.875 30.6632
729 30.6531
729.125 30.6435
729.25 30.634
729.375 30.6245
729.5 30.6149
729.625 30.6054
729.75 30.5958
729.875 30.5863
730 30.5768
730.125 30.5679
730.25 30.5591
730.375 30.5502
730.5 30.5414
730.625 30.5325
730.75 30.5237
730.875 30.5149
731 30.506
731.125 30.4977
731.25 30.4893
731.375 30.4809
731.5 30.4725
731.625 30.4642
731.75 30.4558
731.875 30.4474
732 30.4391
732.125 30.4309
732.25 30.4228
732.375 30.4147
732.5 30.4065
732.625 30.3984
732.75 30.3903
732.875 30.3821
733 30.374
733.125 30.3653
733.25 30.3567
733.375 30.348
733.5 30.3393
733.625 30.3307
733.75 30.322
733.875 30.3134
734 30.3047
734.125 30.2961
734.25 30.2876
734.375 30.279
734.5 30.2704
734.625 30.2618
734.75 30.2533
734.875 30.2447
735 30.2361
735.125 30.2282
735.25 30.2204
735.375 30.2125
735.5 30.2046
735.625 30.1967
735.75 30.1888
735.875 30.181
736 30.1731
736.125 30.166
736.25 30.1589
736.375 30.1518
736.5 30.1446
736.625 30.1375
736.75 30.1304
736.875 30.1233
737 30.1162
737.125 30.1092
737.25 30.1021
737.375 30.0951
737.5 30.0881
737.625 30.081
737.75 30.074
737.875 30.067
738 30.06
738.125 30.0535
738.25 30.047
738.375 30.0405
738.5 30.034
738.625 30.0275
738.75 30.021
738.875 30.0145
739 30.008
739.125 30.0019
739.25 29.9958
739.375 29.9897
739.5 29.9835
739.625 29.9774
739.75 29.9713
739.875 29.9652
740 29.9591
740.125 29.9534
740.25 29.9476
740.375 29.9419
740.5 29.9362
740.625 29.9304
740.75 29.9247
740.875 29.919
741 29.9133
741.125 29.9078
741.25 29.9024
741.375 29.897
741.5 29.8915
741.625 29.8861
741.75 29.8807
741.875 29.8753
742 29.8698
742.125 29.8656
742.25 29.8614
742.375 29.8572
742.5 29.853
742.625 29.8487
742.75 29.8445
742.875 29.8403
743 29.8361
743.125 29.8322
743.25 29.8282
743.375 29.8243
743.5 29.8204
743.625 29.8165
743.75 29.8126
743.875 29.8086
744 29.8047
744.125 29.8006
744.25 29.7966
744.375 29.7925
744.5 29.7884
744.625 29.7844
744.75 29.7803
744.875 29.7762
745 29.7721
745.125 29.7666
745.25 29.7611
745.375 29.7556
745.5 29.7501
745.625 29.7446
745.75 29.7391
745.875 29.7336
746 29.7281
746.125 29.7219
746.25 29.7156
746.375 29.7094
746.5 29.7031
746.625 29.6969
746.75 29.6906
746.875 29.6844
747 29.6781
747.125 29.6712
747.25 29.6643
747.375 29.6574
747.5 29.6504
747.625 29.6435
747.75 29.6366
747.875 29.6297
748 29.6228
748.125 29.615
748.25 29.6073
748.375 29.5995
748.5 29.5918
748.625 29.5841
748.75 29.5763
748.875 29.5686
749 29.5609
749.125 29.5533
749.25 29.5458
749.375 29.5383
749.5 29.5308
749.625 29.5233
749.75 29.5158
749.875 29.5083
750 29.5008
750.125 29.4929
750.25 29.4851
750.375 29.4772
750.5 29.4693
750.625 29.4614
750.75 29.4536
750.875 29.4457
751 29.4378
751.125 29.4297
751.25 29.4217
751.375 29.4136
751.5 29.4055
751.625 29.3974
751.75 29.3893
751.875 29.3812
752 29.3731
752.125 29.3646
752.25 29.3561
752.375 29.3475
752.5 29.339
752.625 29.3305
752.75 29.322
752.875 29.3135
753 29.3049
753.125 29.2966
753.25 29.2882
753.375 29.2798
753.5 29.2715
753.625 29.2631
753.75 29.2547
753.875 29.2464
754 29.238
754.125 29.2289
754.25 29.2198
754.375 29.2107
754.5 29.2016
754.625 29.1925
754.75 29.1834
754.875 29.1743
755 29.1652
755.125 29.1563
755.25 29.1475
755.375 29.1386
755.5 29.1297
755.625 29.1209
755.75 29.112
755.875 29.1031
756 29.0943
756.125 29.0847
756.25 29.0752
756.375 29.0657
756.5 29.0562
756.625 29.0467
756.75 29.0371
756.875 29.0276
757 29.0181
757.125 29.0088
757.25 28.9995
757.375 28.9902
757.5 28.9809
757.625 28.9717
757.75 28.9624
757.875 28.9531
758 28.9438
758.125 28.9339
758.25 28.9241
758.375 28.9142
758.5 28.9043
758.625 28.8945
758.75 28.8846
758.875 28.8748
759 28.8649
759.125 28.8534
759.25 28.8419
759.375 28.8305
759.5 28.819
759.625 28.8075
759.75 28.796
759.875 28.7846
760 28.7731
760.125 28.7606
760.25 28.7481
760.375 28.7356
760.5 28.7231
760.625 28.7107
760.75 28.6982
760.875 28.6857
761 28.6732
761.125 28.6593
761.25 28.6453
761.375 28.6314
761.5 28.6175
761.625 28.6035
761.75 28.5896
761.875 28.5757
762 28.5618
762.125 28.5476
762.25 28.5335
762.375 28.5193
762.5 28.5052
762.625 28.4911
762.75 28.477
762.875 28.4628
763 28.4487
763.125 28.4353
763.25 28.4218
763.375 28.4084
763.5 28.3949
763.625 28.3815
763.75 28.368
763.875 28.3546
764 28.3411
764.125 28.3286
764.25 28.316
764.375 28.3035
764.5 28.291
764.625 28.2784
764.75 28.2659
764.875 28.2533
765 28.2408
765.125 28.2294
765.25 28.2181
765.375 28.2067
765.5 28.1954
765.625 28.184
765.75 28.1727
765.875 28.1613
766 28.15
766.125 28.137
766.25 28.1239
766.375 28.1109
766.5 28.0979
766.625 28.0849
766.75 28.0719
766.875 28.0589
767 28.0459
767.125 28.0304
767.25 28.0149
767.375 27.9994
767.5 27.984
767.625 27.9685
767.75 27.953
767.875 27.9376
768 27.9221
768.125 27.9038
768.25 27.8855
768.375 27.8672
768.5 27.8489
768.625 27.8307
768.75 27.8124
768.875 27.7941
769 27.7759
769.125 27.7567
769.25 27.7376
769.375 27.7185
769.5 27.6994
769.625 27.6802
769.75 27.6611
769.875 27.642
770 27.6229
770.125 27.6034
770.25 27.5839
770.375 27.5644
770.5 27.5448
770.625 27.5253
770.75 27.5058
770.875 27.4863
771 27.4668
771.125 27.4491
771.25 27.4314
771.375 27.4136
771.5 27.3959
771.625 27.3782
771.75 27.3604
771.875 27.3427
772 27.325
772.125 27.3081
772.25 27.2912
772.375 27.2743
772.5 27.2574
772.625 27.2405
772.75 27.2236
772.875 27.2067
773 27.1898
773.125 27.1749
773.25 27.1601
773.375 27.1452
773.5 27.1304
773.625 27.1156
773.75 27.1007
773.875 27.0859
774 27.0711
774.125 27.0562
774.25 27.0413
774.375 27.0264
774.5 27.0115
774.625 26.9966
774.75 26.9817
774.875 26.9668
775 26.952
775.125 26.937
775.25 26.9219
775.375 26.9069
775.5 26.8919
775.625 26.8769
775.75 26.8619
775.875 26.8469
776 26.832
776.125 26.8167
776.25 26.8014
776.375 26.7861
776.5 26.7709
776.625 26.7556
776.75 26.7404
776.875 26.7251
777 26.7099
777.125 26.6965
777.25 26.6831
777.375 26.6698
777.5 26.6564
777.625 26.643
777.75 26.6297
777.875 26.6163
778 26.603
778.125 26.5921
778.25 26.5812
778.375 26.5703
778.5 26.5594
778.625 26.5485
778.75 26.5376
778.875 26.5267
779 26.5158
779.125 26.5067
779.25 26.4976
779.375 26.4885
779.5 26.4794
779.625 26.4703
779.75 26.4612
779.875 26.4522
780 26.4431
780.125 26.4348
780.25 26.4265
780.375 26.4182
780.5 26.4099
780.625 26.4016
780.75 26.3934
780.875 26.3851
781 26.3768
781.125 26.3696
781.25 26.3624
781.375 26.3552
781.5 26.348
781.625 26.3408
781.75 26.3336
781.875 26.3264
782 26.3192
782.125 26.312
782.25 26.3049
782.375 26.2978
782.5 26.2906
782.625 26.2835
782.75 26.2764
782.875 26.2693
783 26.2621
783.125 26.2554
783.25 26.2486
783.375 26.2419
783.5 26.2351
783.625 26.2283
783.75 26.2216
783.875 26.2148
784 26.2081
784.125 26.2012
784.25 26.1943
784.375 26.1874
784.5 26.1805
784.625 26.1736
784.75 26.1667
784.875 26.1598
785 26.1529
785.125 26.1451
785.25 26.1374
785.375 26.1296
785.5 26.1219
785.625 26.1141
785.75 26.1064
785.875 26.0987
786 26.0909
786.125 26.0805
786.25 26.0702
786.375 26.0598
786.5 26.0494
786.625 26.0391
786.75 26.0287
786.875 26.0184
787 26.008
787.125 25.9946
787.25 25.9812
787.375 25.9678
787.5 25.9544
787.625 25.941
787.75 25.9276
787.875 25.9142
788 25.9008
788.125 25.8848
788.25 25.8688
788.375 25.8528
788.5 25.8368
788.625 25.8208
788.75 25.8049
788.875 25.7889
789 25.7729
789.125 25.7573
789.25 25.7417
789.375 25.726
789.5 25.7104
789.625 25.6948
789.75 25.6792
789.875 25.6636
790 25.648
790.125 25.632
790.25 25.616
790.375 25.6
790.5 25.584
790.625 25.568
790.75 25.552
790.875 25.536
791 25.5201
791.125 25.5037
791.25 25.4873
791.375 25.4709
791.5 25.4545
791.625 25.4381
791.75 25.4217
791.875 25.4053
792 25.3889
792.125 25.3721
792.25 25.3552
792.375 25.3384
792.5 25.3215
792.625 25.3047
792.75 25.2878
792.875 25.271
793 25.2541
793.125 25.2368
793.25 25.2194
793.375 25.202
793.5 25.1846
793.625 25.1672
793.75 25.1499
793.875 25.1325
794 25.1151
794.125 25.0983
794.25 25.0816
794.375 25.0648
794.5 25.048
794.625 25.0312
794.75 25.0144
794.875 24.9977
795 24.9809
795.125 24.9627
795.25 24.9446
795.375 24.9264
795.5 24.9083
795.625 24.8901
795.75 24.872
795.875 24.8539
796 24.8357
796.125 24.8171
796.25 24.7985
796.375 24.7799
796.5 24.7613
796.625 24.7427
796.75 24.7241
796.875 24.7055
797 24.687
797.125 24.6675
797.25 24.648
797.375 24.6285
797.5 24.609
797.625 24.5896
797.75 24.5701
797.875 24.5507
798 24.5312
798.125 24.5126
798.25 24.4939
798.375 24.4752
798.5 24.4566
798.625 24.4379
798.75 24.4193
798.875 24.4006
799 24.382
799.125 24.3637
799.25 24.3454
799.375 24.3271
799.5 24.3089
799.625 24.2906
799.75 24.2724
799.875 24.2541
800 24.2359
800.125 24.2186
800.25 24.2013
800.375 24.1841
800.5 24.1668
800.625 24.1496
800.75 24.1323
800.875 24.1151
801 24.0978
801.125 24.081
801.25 24.0641
801.375 24.0472
801.5 24.0303
801.625 24.0135
801.75 23.9966
801.875 23.9797
802 23.9629
802.125 23.9465
802.25 23.9302
802.375 23.9138
802.5 23.8975
802.625 23.8811
802.75 23.8648
802.875 23.8485
803 23.8321
803.125 23.8153
803.25 23.7985
803.375 23.7817
803.5 23.7649
803.625 23.7481
803.75 23.7313
803.875 23.7145
804 23.6978
804.125 23.6811
804.25 23.6645
804.375 23.6479
804.5 23.6312
804.625 23.6146
804.75 23.598
804.875 23.5814
805 23.5648
805.125 23.5499
805.25 23.535
805.375 23.5202
805.5 23.5053
805.625 23.4905
805.75 23.4756
805.875 23.4608
806 23.4459
806.125 23.4333
806.25 23.4207
806.375 23.408
806.5 23.3954
806.625 23.3828
806.75 23.3702
806.875 23.3576
807 23.345
807.125 23.3336
807.25 23.3222
807.375 23.3109
807.5 23.2995
807.625 23.2882
807.75 23.2768
807.875 23.2655
808 23.2541
808.125 23.243
808.25 23.2319
808.375 23.2207
808.5 23.2096
808.625 23.1985
808.75 23.1874
808.875 23.1762
809 23.1651
809.125 23.1536
809.25 23.1421
809.375 23.1305
809.5 23.119
809.625 23.1075
809.75 23.096
809.875 23.0845
810 23.073
810.125 23.0619
810.25 23.0509
810.375 23.0399
810.5 23.0289
810.625 23.0179
810.75 23.0068
810.875 22.9958
811 22.9848
811.125 22.9732
811.25 22.9616
811.375 22.95
811.5 22.9383
811.625 22.9267
811.75 22.9151
811.875 22.9035
812 22.8919
812.125 22.8802
812.25 22.8684
812.375 22.8567
812.5 22.845
812.625 22.8332
812.75 22.8215
812.875 22.8098
813 22.7981
813.125 22.7844
813.25 22.7708
813.375 22.7572
813.5 22.7436
813.625 22.7299
813.75 22.7163
813.875 22.7027
814 22.6891
814.125 22.6736
814.25 22.6581
814.375 22.6425
814.5 22.627
814.625 22.6115
814.75 22.596
814.875 22.5805
815 22.5651
815.125 22.5463
815.25 22.5275
815.375 22.5088
815.5 22.49
815.625 22.4713
815.75 22.4526
815.875 22.4338
816 22.4151
816.125 22.3959
816.25 22.3766
816.375 22.3573
816.5 22.3381
816.625 22.3189
816.75 22.2996
816.875 22.2804
817 22.2612
817.125 22.244
817.25 22.2268
817.375 22.2096
817.5 22.1925
817.625 22.1753
817.75 22.1582
817.875 22.141
818 22.1239
818.125 22.1094
818.25 22.0949
818.375 22.0804
818.5 22.0659
818.625 22.0515
818.75 22.037
818.875 22.0225
819 22.0081
819.125 21.9941
819.25 21.9802
819.375 21.9663
819.5 21.9524
819.625 21.9385
819.75 21.9246
819.875 21.9107
820 21.8968
820.125 21.8845
820.25 21.8721
820.375 21.8597
820.5 21.8474
820.625 21.835
820.75 21.8226
820.875 21.8102
821 21.7978
821.125 21.786
821.25 21.7741
821.375 21.7622
821.5 21.7504
821.625 21.7385
821.75 21.7266
821.875 21.7147
822 21.7028
822.125 21.6918
822.25 21.6809
822.375 21.6699
822.5 21.6589
822.625 21.6479
822.75 21.637
822.875 21.626
823 21.615
823.125 21.6039
823.25 21.5928
823.375 21.5817
823.5 21.5707
823.625 21.5596
823.75 21.5485
823.875 21.5374
824 21.5262
824.125 21.515
824.25 21.5037
824.375 21.4925
824.5 21.4812
824.625 21.4699
824.75 21.4586
824.875 21.4474
825 21.4361
825.125 21.425
825.25 21.4139
825.375 21.4028
825.5 21.3917
825.625 21.3805
825.75 21.3694
825.875 21.3583
826 21.3471
826.125 21.3363
826.25 21.3254
826.375 21.3145
826.5 21.3036
826.625 21.2928
826.75 21.2819
826.875 21.271
827 21.2601
827.125 21.2493
827.25 21.2386
827.375 21.2279
827.5 21.2172
827.625 21.2065
827.75 21.1957
827.875 21.185
828 21.1742
828.125 21.1638
828.25 21.1534
828.375 21.143
828.5 21.1326
828.625 21.1222
828.75 21.1117
828.875 21.1013
829 21.0908
829.125 21.0807
829.25 21.0705
829.375 21.0603
829.5 21.0501
829.625 21.0399
829.75 21.0297
829.875 21.0195
830 21.0093
830.125 20.9997
830.25 20.9902
830.375 20.9807
830.5 20.9711
830.625 20.9616
830.75 20.952
830.875 20.9424
831 20.9329
831.125 20.9244
831.25 20.9159
831.375 20.9074
831.5 20.899
831.625 20.8905
831.75 20.882
831.875 20.8735
832 20.865
832.125 20.8566
832.25 20.8482
832.375 20.8399
832.5 20.8315
832.625 20.8231
832.75 20.8147
832.875 20.8063
833 20.7979
833.125 20.7896
833.25 20.7812
833.375 20.7729
833.5 20.7645
833.625 20.7562
833.75 20.7478
833.875 20.7394
834 20.7311
834.125 20.7228
834.25 20.7146
834.375 20.7064
834.5 20.6981
834.625 20.6899
834.75 20.6816
834.875 20.6733
835 20.6651
835.125 20.6569
835.25 20.6488
835.375 20.6407
835.5 20.6325
835.625 20.6244
835.75 20.6162
835.875 20.608
836 20.5999
836.125 20.5924
836.25 20.5849
836.375 20.5774
836.5 20.57
836.625 20.5625
836.75 20.555
836.875 20.5475
837 20.54
837.125 20.5324
837.25 20.5248
837.375 20.5172
837.5 20.5096
837.625 20.502
837.75 20.4944
837.875 20.4868
838 20.4792
838.125 20.471
838.25 20.4627
838.375 20.4545
838.5 20.4463
838.625 20.438
838.75 20.4297
838.875 20.4215
839 20.4132
839.125 20.403
839.25 20.3927
839.375 20.3825
839.5 20.3723
839.625 20.362
839.75 20.3518
839.875 20.3415
840 20.3312
840.125 20.3195
840.25 20.3078
840.375 20.296
840.5 20.2843
840.625 20.2725
840.75 20.2607
840.875 20.249
841 20.2372
841.125 20.2235
841.25 20.2099
841.375 20.1962
841.5 20.1826
841.625 20.1689
841.75 20.1552
841.875 20.1415
842 20.1278
842.125 20.1148
842.25 20.1018
842.375 20.0889
842.5 20.0759
842.625 20.0629
842.75 20.0499
842.875 20.0368
843 20.0238
843.125 20.0121
843.25 20.0004
843.375 19.9886
843.5 19.9769
843.625 19.9651
843.75 19.9534
843.875 19.9416
844 19.9298
844.125 19.9212
844.25 19.9127
844.375 19.9041
844.5 19.8955
844.625 19.8869
844.75 19.8783
844.875 19.8697
845 19.8611
845.125 19.8552
845.25 19.8494
845.375 19.8435
845.5 19.8376
845.625 19.8317
845.75 19.8258
845.875 19.8199
846 19.8139
846.125 19.8081
846.25 19.8022
846.375 19.7964
846.5 19.7905
846.625 19.7846
846.75 19.7787
846.875 19.7728
847 19.7669
847.125 19.7602
847.25 19.7535
847.375 19.7468
847.5 19.7401
847.625 19.7334
847.75 19.7266
847.875 19.7199
848 19.7131
848.125 19.7047
848.25 19.6962
848.375 19.6877
848.5 19.6792
848.625 19.6707
848.75 19.6622
848.875 19.6537
849 19.6452
849.125 19.6391
849.25 19.633
849.375 19.6268
849.5 19.6207
849.625 19.6146
849.75 19.6084
849.875 19.6023
850 19.5961
850.125 19.5916
850.25 19.5871
850.375 19.5826
850.5 19.578
850.625 19.5735
850.75 19.5689
850.875 19.5644
851 19.5598
851.125 19.555
851.25 19.5501
851.375 19.5452
851.5 19.5404
851.625 19.5355
851.75 19.5306
851.875 19.5257
852 19.5208
852.125 19.5151
852.25 19.5094
852.375 19.5037
852.5 19.498
852.625 19.4923
852.75 19.4865
852.875 19.4808
853 19.475
853.125 19.4688
853.25 19.4625
853.375 19.4563
853.5 19.45
853.625 19.4437
853.75 19.4374
853.875 19.4311
854 19.4248
854.125 19.4191
854.25 19.4133
854.375 19.4076
854.5 19.4018
854.625 19.3961
854.75 19.3903
854.875 19.3845
855 19.3787
855.125 19.3739
855.25 19.369
855.375 19.3642
855.5 19.3593
855.625 19.3544
855.75 19.3496
855.875 19.3447
856 19.3398
856.125 19.3348
856.25 19.3298
856.375 19.3248
856.5 19.3199
856.625 19.3149
856.75 19.3099
856.875 19.3049
857 19.2998
857.125 19.2947
857.25 19.2896
857.375 19.2845
857.5 19.2794
857.625 19.2743
857.75 19.2692
857.875 19.2641
858 19.2589
858.125 19.2526
858.25 19.2463
858.375 19.24
858.5 19.2336
858.625 19.2273
858.75 19.2209
858.875 19.2146
859 19.2082
859.125 19.2017
859.25 19.1952
859.375 19.1887
859.5 19.1821
859.625 19.1756
859.75 19.1691
859.875 19.1625
860 19.1559
860.125 19.1487
860.25 19.1415
860.375 19.1342
860.5 19.127
860.625 19.1197
860.75 19.1124
860.875 19.1052
861 19.0979
861.125 19.0898
861.25 19.0817
861.375 19.0736
861.5 19.0655
861.625 19.0573
861.75 19.0492
861.875 19.0411
862 19.0329
862.125 19.0242
862.25 19.0155
862.375 19.0068
862.5 18.9981
862.625 18.9894
862.75 18.9807
862.875 18.972
863 18.9633
863.125 18.9547
863.25 18.9462
863.375 18.9377
863.5 18.9291
863.625 18.9206
863.75 18.912
863.875 18.9035
864 18.8949
864.125 18.8867
864.25 18.8784
864.375 18.8702
864.5 18.862
864.625 18.8537
864.75 18.8455
864.875 18.8372
865 18.8289
865.125 18.8197
865.25 18.8104
865.375 18.8012
865.5 18.7919
865.625 18.7826
865.75 18.7734
865.875 18.7641
866 18.7548
866.125 18.744
866.25 18.7332
866.375 18.7224
866.5 18.7115
866.625 18.7007
866.75 18.6899
866.875 18.679
867 18.6681
867.125 18.6567
867.25 18.6452
867.375 18.6337
867.5 18.6222
867.625 18.6107
867.75 18.5992
867.875 18.5877
868 18.5761
868.125 18.5639
868.25 18.5517
868.375 18.5395
868.5 18.5272
868.625 18.515
868.75 18.5027
868.875 18.4904
869 18.4782
869.125 18.4644
869.25 18.4507
869.375 18.437
869.5 18.4232
869.625 18.4095
869.75 18.3957
869.875 18.3819
870 18.3681
870.125 18.354
870.25 18.3399
870.375 18.3258
870.5 18.3116
870.625 18.2975
870.75 18.2833
870.875 18.2692
871 18.255
871.125 18.2424
871.25 18.2298
871.375 18.2171
871.5 18.2045
871.625 18.1918
871.75 18.1792
871.875 18.1665
872 18.1538
872.125 18.1435
872.25 18.1332
872.375 18.1229
872.5 18.1126
872.625 18.1023
872.75 18.092
872.875 18.0816
873 18.0713
873.125 18.0624
873.25 18.0534
873.375 18.0445
873.5 18.0356
873.625 18.0266
873.75 18.0176
873.875 18.0087
874 17.9997
874.125 17.9889
874.25 17.9781
874.375 17.9673
874.5 17.9565
874.625 17.9456
874.75 17.9348
874.875 17.9239
875 17.9131
875.125 17.9007
875.25 17.8884
875.375 17.8761
875.5 17.8638
875.625 17.8514
875.75 17.839
875.875 17.8267
876 17.8143
876.125 17.8015
876.25 17.7887
876.375 17.7759
876.5 17.7631
876.625 17.7503
876.75 17.7375
876.875 17.7247
877 17.7118
877.125 17.7007
877.25 17.6896
877.375 17.6785
877.5 17.6674
877.625 17.6563
877.75 17.6451
877.875 17.634
878 17.6228
878.125 17.613
878.25 17.6032
878.375 17.5934
878.5 17.5836
878.625 17.5737
878.75 17.5639
878.875 17.5541
879 17.5442
879.125 17.5336
879.25 17.5229
879.375 17.5123
879.5 17.5016
879.625 17.491
879.75 17.4803
879.875 17.4696
880 17.4589
880.125 17.4475
880.25 17.436
880.375 17.4245
880.5 17.413
880.625 17.4015
880.75 17.39
880.875 17.3785
881 17.367
881.125 17.3555
881.25 17.344
881.375 17.3326
881.5 17.3211
881.625 17.3096
881.75 17.2981
881.875 17.2866
882 17.275
882.125 17.2637
882.25 17.2523
882.375 17.2409
882.5 17.2295
882.625 17.2181
882.75 17.2066
882.875 17.1952
883 17.1838
883.125 17.1722
883.25 17.1607
883.375 17.1492
883.5 17.1376
883.625 17.126
883.75 17.1145
883.875 17.1029
884 17.0913
884.125 17.0784
884.25 17.0655
884.375 17.0525
884.5 17.0396
884.625 17.0266
884.75 17.0137
884.875 17.0007
885 16.9877
885.125 16.9743
885.25 16.9608
885.375 16.9473
885.5 16.9338
885.625 16.9203
885.75 16.9068
885.875 16.8933
886 16.8798
886.125 16.8659
886.25 16.8521
886.375 16.8382
886.5 16.8243
886.625 16.8104
886.75 16.7965
886.875 16.7826
887 16.7687
887.125 16.7537
887.25 16.7386
887.375 16.7236
887.5 16.7086
887.625 16.6935
887.75 16.6784
887.875 16.6633
888 16.6482
888.125 16.6326
888.25 16.6169
888.375 16.6012
888.5 16.5856
888.625 16.5699
888.75 16.5542
888.875 16.5384
889 16.5227
889.125 16.5067
889.25 16.4906
889.375 16.4745
889.5 16.4584
889.625 16.4423
889.75 16.4262
889.875 16.4101
890 16.394
890.125 16.3791
890.25 16.3643
890.375 16.3495
890.5 16.3346
890.625 16.3198
890.75 16.3049
890.875 16.2901
891 16.2752
891.125 16.2622
891.25 16.2491
891.375 16.2361
891.5 16.2231
891.625 16.21
891.75 16.197
891.875 16.1839
892 16.1708
892.125 16.159
892.25 16.1472
892.375 16.1353
892.5 16.1235
892.625 16.1116
892.75 16.0997
892.875 16.0879
893 16.076
893.125 16.0634
893.25 16.0507
893.375 16.0381
893.5 16.0255
893.625 16.0128
893.75 16.0002
893.875 15.9875
894 15.9749
894.125 15.9604
894.25 15.946
894.375 15.9316
894.5 15.9171
894.625 15.9027
894.75 15.8882
894.875 15.8737
895 15.8592
895.125 15.8426
895.25 15.8259
895.375 15.8093
895.5 15.7926
895.625 15.7759
895.75 15.7592
895.875 15.7425
896 15.7258
896.125 15.7091
896.25 15.6925
896.375 15.6758
896.5 15.6591
896.625 15.6424
896.75 15.6257
896.875 15.609
897 15.5922
897.125 15.575
897.25 15.5578
897.375 15.5406
897.5 15.5233
897.625 15.506
897.75 15.4888
897.875 15.4715
898 15.4542
898.125 15.4363
898.25 15.4184
898.375 15.4005
898.5 15.3826
898.625 15.3647
898.75 15.3468
898.875 15.3288
899 15.3109
899.125 15.2933
899.25 15.2757
899.375 15.2582
899.5 15.2406
899.625 15.2229
899.75 15.2053
899.875 15.1877
900 15.17
900.125 15.1501
900.25 15.1301
900.375 15.1101
900.5 15.0901
900.625 15.07
900.75 15.05
900.875 15.0299
901 15.0099
901.125 14.9914
901.25 14.9729
901.375 14.9544
901.5 14.9359
901.625 14.9174
901.75 14.8988
901.875 14.8803
902 14.8617
902.125 14.842
902.25 14.8223
902.375 14.8026
902.5 14.7828
902.625 14.7631
902.75 14.7433
902.875 14.7236
903 14.7038
903.125 14.6855
903.25 14.6672
903.375 14.6489
903.5 14.6306
903.625 14.6123
903.75 14.594
903.875 14.5756
904 14.5573
904.125 14.5388
904.25 14.5202
904.375 14.5017
904.5 14.4831
904.625 14.4646
904.75 14.446
904.875 14.4274
905 14.4088
905.125 14.3908
905.25 14.3728
905.375 14.3548
905.5 14.3368
905.625 14.3188
905.75 14.3008
905.875 14.2827
906 14.2647
906.125 14.247
906.25 14.2294
906.375 14.2117
906.5 14.194
906.625 14.1763
906.75 14.1586
906.875 14.1409
907 14.1231
907.125 14.1063
907.25 14.0894
907.375 14.0725
907.5 14.0556
907.625 14.0388
907.75 14.0218
907.875 14.0049
908 13.988
908.125 13.9716
908.25 13.9552
908.375 13.9389
908.5 13.9225
908.625 13.906
908.75 13.8896
908.875 13.8732
909 13.8568
909.125 13.8407
909.25 13.8247
909.375 13.8086
909.5 13.7925
909.625 13.7764
909.75 13.7603
909.875 13.7442
910 13.7281
910.125 13.7119
910.25 13.6957
910.375 13.6794
910.5 13.6632
910.625 13.647
910.75 13.6307
910.875 13.6144
911 13.5981
911.125 13.582
911.25 13.5659
911.375 13.5497
911.5 13.5336
911.625 13.5174
911.75 13.5012
911.875 13.485
912 13.4688
912.125 13.4531
912.25 13.4374
912.375 13.4216
912.5 13.4059
912.625 13.3901
912.75 13.3744
912.875 13.3586
913 13.3428
913.125 13.3275
913.25 13.3122
913.375 13.2969
913.5 13.2815
913.625 13.2662
913.75 13.2508
913.875 13.2355
914 13.2201
914.125 13.205
914.25 13.1898
914.375 13.1747
914.5 13.1595
914.625 13.1443
914.75 13.1292
914.875 13.114
915 13.0988
915.125 13.084
915.25 13.0692
915.375 13.0543
915.5 13.0395
915.625 13.0247
915.75 13.0098
915.875 12.995
916 12.9801
916.125 12.9657
916.25 12.9512
916.375 12.9367
916.5 12.9222
916.625 12.9077
916.75 12.8932
916.875 12.8787
917 12.8642
917.125 12.8506
917.25 12.837
917.375 12.8233
917.5 12.8097
917.625 12.796
917.75 12.7824
917.875 12.7687
918 12.755
918.125 12.7423
918.25 12.7296
918.375 12.7169
918.5 12.7042
918.625 12.6915
918.75 12.6787
918.875 12.666
919 12.6532
919.125 12.6417
919.25 12.6301
919.375 12.6185
919.5 12.6068
919.625 12.5952
919.75 12.5836
919.875 12.572
920 12.5603
920.125 12.5491
920.25 12.5378
920.375 12.5266
920.5 12.5153
920.625 12.5041
920.75 12.4928
920.875 12.4815
921 12.4702
921.125 12.4584
921.25 12.4465
921.375 12.4346
921.5 12.4227
921.625 12.4108
921.75 12.3989
921.875 12.3869
922 12.375
922.125 12.3622
922.25 12.3493
922.375 12.3364
922.5 12.3235
922.625 12.3106
922.75 12.2977
922.875 12.2848
923 12.2719
923.125 12.2587
923.25 12.2455
923.375 12.2323
923.5 12.2191
923.625 12.2059
923.75 12.1927
923.875 12.1795
924 12.1662
924.125 12.1528
924.25 12.1394
924.375 12.126
924.5 12.1125
924.625 12.0991
924.75 12.0856
924.875 12.0721
925 12.0587
925.125 12.046
925.25 12.0332
925.375 12.0205
925.5 12.0077
925.625 11.995
925.75 11.9822
925.875 11.9695
926 11.9567
926.125 11.9442
926.25 11.9318
926.375 11.9193
926.5 11.9068
926.625 11.8944
926.75 11.8819
926.875 11.8694
927 11.8569
927.125 11.8445
927.25 11.832
927.375 11.8196
927.5 11.8071
927.625 11.7947
927.75 11.7822
927.875 11.7697
928 11.7573
928.125 11.7446
928.25 11.7319
928.375 11.7193
928.5 11.7066
928.625 11.6939
928.75 11.6812
928.875 11.6685
929 11.6558
929.125 11.6433
929.25 11.6308
929.375 11.6184
929.5 11.6059
929.625 11.5934
929.75 11.5809
929.875 11.5809