480.000000 0.219118
481.000000 0.221432
482.000000 0.223685
483.000000 0.225807
484.000000 0.227869
485.000000 0.229828
486.000000 0.231613
487.000000 0.233239
488.000000 0.234811
489.000000 0.236426
490.000000 0.238073
491.000000 0.239612
492.000000 0.241116
493.000000 0.242655
494.000000 0.244324
495.000000 0.246019
496.000000 0.247578
497.000000 0.248979
498.000000 0.250130
499.000000 0.251183
500.000000 0.252222
501.000000 0.253305
502.000000 0.254374
503.000000 0.255372
504.000000 0.256393
505.000000 0.257552
506.000000 0.258770
507.000000 0.259954
508.000000 0.261001
509.000000 0.261969
510.000000 0.262860
511.000000 0.263707
512.000000 0.264477
513.000000 0.265194
514.000000 0.265857
515.000000 0.266524
516.000000 0.267230
517.000000 0.267895
518.000000 0.268484
519.000000 0.268929
520.000000 0.269300
521.000000 0.269630
522.000000 0.269999
523.000000 0.270419
524.000000 0.270843
525.000000 0.271148
526.000000 0.271320
527.000000 0.271338
528.000000 0.271361
529.000000 0.271411
530.000000 0.271511
531.000000 0.271605
532.000000 0.271611
533.000000 0.271577
534.000000 0.271546
535.000000 0.271531
536.000000 0.271587
537.000000 0.271715
538.000000 0.271959
539.000000 0.272297
540.000000 0.272627
541.000000 0.273027
542.000000 0.273485
543.000000 0.274026
544.000000 0.274511
545.000000 0.274986
546.000000 0.275440
547.000000 0.275896
548.000000 0.276352
549.000000 0.276741
550.000000 0.277096
551.000000 0.277429
552.000000 0.277774
553.000000 0.278152
554.000000 0.278576
555.000000 0.279022
556.000000 0.279422
557.000000 0.279776
558.000000 0.280027
559.000000 0.280356
560.000000 0.280639
561.000000 0.280887
562.000000 0.281144
563.000000 0.281422
564.000000 0.281698
565.000000 0.281916
566.000000 0.282200
567.000000 0.282561
568.000000 0.283043
569.000000 0.283546
570.000000 0.284114
571.000000 0.284679
572.000000 0.285207
573.000000 0.285665
574.000000 0.286154
575.000000 0.286617
576.000000 0.287076
577.000000 0.287522
578.000000 0.288054
579.000000 0.288695
580.000000 0.289435
581.000000 0.290227
582.000000 0.291049
583.000000 0.291879
584.000000 0.292728
585.000000 0.293606
586.000000 0.294492
587.000000 0.295306
588.000000 0.296049
589.000000 0.296631
590.000000 0.297108
591.000000 0.297560
592.000000 0.297951
593.000000 0.298317
594.000000 0.298702
595.000000 0.299240
596.000000 0.299898
597.000000 0.300563
598.000000 0.301191
599.000000 0.301793
600.000000 0.302414
601.000000 0.302987
602.000000 0.303545
603.000000 0.304089
604.000000 0.304630
605.000000 0.305201
606.000000 0.305714
607.000000 0.306279
608.000000 0.306785
609.000000 0.307300
610.000000 0.307834
611.000000 0.308443
612.000000 0.309150
613.000000 0.309897
614.000000 0.310598
615.000000 0.311164
616.000000 0.311583
617.000000 0.311879
618.000000 0.312128
619.000000 0.312332
620.000000 0.312490
621.000000 0.312581
622.000000 0.312660
623.000000 0.312704
624.000000 0.312770
625.000000 0.312845
626.000000 0.312964
627.000000 0.313181
628.000000 0.313463
629.000000 0.313777
630.000000 0.314047
631.000000 0.314272
632.000000 0.314529
633.000000 0.314907
634.000000 0.315349
635.000000 0.315835
636.000000 0.316364
637.000000 0.316947
638.000000 0.317672
639.000000 0.318472
640.000000 0.319358
641.000000 0.320331
642.000000 0.321315
643.000000 0.322330
644.000000 0.323345
645.000000 0.324414
646.000000 0.325406
647.000000 0.326268
648.000000 0.326968
649.000000 0.327538
650.000000 0.328011
651.000000 0.328410
652.000000 0.328723
653.000000 0.329004
654.000000 0.329244
655.000000 0.329420
656.000000 0.329565
657.000000 0.329733
658.000000 0.329956
659.000000 0.330202
660.000000 0.330450
661.000000 0.330602
662.000000 0.330810
663.000000 0.330987
664.000000 0.331176
665.000000 0.331346
666.000000 0.331560
667.000000 0.331830
668.000000 0.332112
669.000000 0.332481
670.000000 0.332991
671.000000 0.333513
672.000000 0.334026
673.000000 0.334444
674.000000 0.334853
675.000000 0.335126
676.000000 0.335293
677.000000 0.335378
678.000000 0.335453
679.000000 0.335499
680.000000 0.335472
681.000000 0.335395
682.000000 0.335266
683.000000 0.335076
684.000000 0.334878
685.000000 0.334671
686.000000 0.334487
687.000000 0.334264
688.000000 0.334000
689.000000 0.333717
690.000000 0.333500
691.000000 0.333402
692.000000 0.333305
693.000000 0.333232
694.000000 0.333182
695.000000 0.333261
696.000000 0.333394
697.000000 0.333530
698.000000 0.333550
699.000000 0.333594
700.000000 0.333534
701.000000 0.333476
702.000000 0.333430
703.000000 0.333418
704.000000 0.333323
705.000000 0.333240
706.000000 0.333148
707.000000 0.333016
708.000000 0.332812
709.000000 0.332526
710.000000 0.332209
711.000000 0.331853
712.000000 0.331477
713.000000 0.331060
714.000000 0.330561
715.000000 0.329948
716.000000 0.329306
717.000000 0.328633
718.000000 0.327878
719.000000 0.326989
720.000000 0.326090
721.000000 0.325204
722.000000 0.324340
723.000000 0.323520
724.000000 0.322670
725.000000 0.321811
726.000000 0.320974
727.000000 0.320128
728.000000 0.319336
729.000000 0.318524
730.000000 0.317693
731.000000 0.316842
732.000000 0.315982
733.000000 0.315196
734.000000 0.314234
735.000000 0.313314
736.000000 0.312553
737.000000 0.311814
738.000000 0.311065
739.000000 0.310286
740.000000 0.309560
741.000000 0.308804
742.000000 0.308038
743.000000 0.307180
744.000000 0.306322
745.000000 0.305496
746.000000 0.304620
747.000000 0.303723
748.000000 0.302900
749.000000 0.302078
750.000000 0.301183
751.000000 0.300227
752.000000 0.299335
753.000000 0.298443
754.000000 0.297614
755.000000 0.296765
756.000000 0.295949
757.000000 0.295091
758.000000 0.294098
759.000000 0.292961
760.000000 0.291709
761.000000 0.290521
762.000000 0.289417
763.000000 0.288417
764.000000 0.287523
765.000000 0.286702
766.000000 0.285974
767.000000 0.285134
768.000000 0.284168
769.000000 0.283037
770.000000 0.281855
771.000000 0.280642
772.000000 0.279491
773.000000 0.278321
774.000000 0.277224
775.000000 0.276044
776.000000 0.274772
777.000000 0.273417
778.000000 0.272052
779.000000 0.270781
780.000000 0.269614
781.000000 0.268417
782.000000 0.267220
783.000000 0.266128
784.000000 0.265150
785.000000 0.264183
786.000000 0.263238
787.000000 0.262209
788.000000 0.261077
789.000000 0.259853
790.000000 0.258691
791.000000 0.257571
792.000000 0.256461
793.000000 0.255311
794.000000 0.254119
795.000000 0.252897
796.000000 0.251561
797.000000 0.250142
798.000000 0.248807
799.000000 0.247700
800.000000 0.246645
801.000000 0.245591
802.000000 0.244506
803.000000 0.243504
804.000000 0.242367
805.000000 0.241179
806.000000 0.240023
807.000000 0.239001
808.000000 0.238104
809.000000 0.237290
810.000000 0.236476
811.000000 0.235755
812.000000 0.235138
813.000000 0.234521
814.000000 0.233739
815.000000 0.232750
816.000000 0.231720
817.000000 0.230762
818.000000 0.229887
819.000000 0.229033
820.000000 0.228190
821.000000 0.227357
822.000000 0.226534
823.000000 0.225712
824.000000 0.224910
825.000000 0.224119
826.000000 0.223339
827.000000 0.222558
828.000000 0.221798
829.000000 0.221039
830.000000 0.220300
831.000000 0.219685
832.000000 0.219359
833.000000 0.219064
834.000000 0.218676
835.000000 0.218031
836.000000 0.217375
837.000000 0.216781
838.000000 0.216177
839.000000 0.215501
840.000000 0.214680
841.000000 0.213726
842.000000 0.212628
843.000000 0.211581
844.000000 0.210534
845.000000 0.209725
846.000000 0.209020
847.000000 0.208345
848.000000 0.207568
849.000000 0.206842
850.000000 0.206312
851.000000 0.205916
852.000000 0.205439
853.000000 0.204889
854.000000 0.204288
855.000000 0.203749
856.000000 0.203262
857.000000 0.202837
858.000000 0.202516
859.000000 0.202122
860.000000 0.201627
861.000000 0.200925
862.000000 0.200008
863.000000 0.199061
864.000000 0.198197
865.000000 0.197447
866.000000 0.196635
867.000000 0.195670
868.000000 0.194592
869.000000 0.193433
870.000000 0.192161
871.000000 0.190808
872.000000 0.189507
873.000000 0.188403
874.000000 0.187535
875.000000 0.186648
876.000000 0.185771
877.000000 0.184906
878.000000 0.184134
879.000000 0.183363
880.000000 0.182521
881.000000 0.181659
882.000000 0.180808
883.000000 0.179969
884.000000 0.179079
885.000000 0.178180
886.000000 0.177343
887.000000 0.176497
888.000000 0.175436
889.000000 0.174222
890.000000 0.172937
891.000000 0.171827
892.000000 0.170975
893.000000 0.170226
894.000000 0.169427
895.000000 0.168424
896.000000 0.167195
897.000000 0.165997
898.000000 0.164749
899.000000 0.163543
900.000000 0.162214
901.000000 0.160711
902.000000 0.159270
903.000000 0.157839
904.000000 0.156481
905.000000 0.154979
906.000000 0.153374
907.000000 0.151780
908.000000 0.150277
909.000000 0.148919
910.000000 0.147612
911.000000 0.146304
912.000000 0.145005
913.000000 0.143696
914.000000 0.142602
915.000000 0.141055
916.000000 0.139732
917.000000 0.138552
918.000000 0.137628
919.000000 0.136651
920.000000 0.135846
921.000000 0.135081
922.000000 0.134241
923.000000 0.133275
924.000000 0.132266
925.000000 0.131295
926.000000 0.130310
927.000000 0.129281
928.000000 0.128227
929.000000 0.127170
930.000000 0.126108
